-97.95601832310247 2
-97.7067585670943 1
-97.68359451221646 2
-97.64408120101757 1
-97.56848456533544 1
-97.46197684165678 2
-97.67080534882754 3
-97.8737574827058 3
-97.9287437259409 3
-97.94945628868149 3
-98.16412404229834 2
-98.21160118619827 3
-98.22948517433628 3
-99.21724859521886 1
-99.20934201537258 1
-99.18835218769988 2
-99.21724859521886 2
-99.72667394621364 1
-99.72391307698348 1
-99.71658371707126 1
-99.70538189398553 1
-99.69080596516122 2
-99.69880195727791 3
-99.70181393770513 3
-99.7747446002557 2
-99.82387419579337 2
-99.90906309298234 1
-99.908144538366 1
-99.90570602468757 2
-99.91082005327718 3
-99.91506873812526 3
-99.91835514953047 3
-99.91917159803516 3
-99.98218297877267 2
-99.98511968533187 2
-99.9948788762837 2
-99.99501131242494 3
-99.99506119930068 3
-97.93537204353785 2
-97.63736136638192 2
-97.16138317462216 2
-98.01778342749377 0
-98.09156237621124 2
-99.15627239642129 2
-99.20934201537258 2
-99.66606909428279 2
-99.77246929318758 2
-99.82209514726603 2
-99.8976604569938 2
-99.91917159803516 0
-99.98200300886128 2
-99.9849693791231 2
-99.994676467582 2
-97.88056176417945 1
-97.79679250465259 1
-97.6877910720122 1
-97.55614327123871 1
-97.33478029554459 1
-97.10471711332919 1
-96.86331036118287 2
-98.14932093863177 0
-98.18725570035025 3
-98.19293030138104 1
-98.10439556463258 1
-97.9971443808399 2
-98.33616469966545 1
-98.31935828249036 1
-98.27474179759301 2
-99.11452983801836 2
-99.15627239642129 3
-99.18835218769988 3
-99.32664812964367 2
-99.45027392945057 2
-99.63969703728827 2
-99.67395579916385 3
-99.7085090064206 3
-99.73722725981085 3
-99.76642896928132 3
-99.79145991353374 3
-99.81737225535369 3
-99.84105007022335 3
-99.8664217220724 3
-99.8779044283011 3
-99.889198205685 3
-99.89206362407614 3
-99.89314298783538 3
-99.98306549310101 1
-99.98239616899455 1
-99.98152523749873 2
-99.98306658579713 3
-99.98457035685539 3
-99.99441309127201 1
-99.99396611421479 1
-99.99348959054748 2
-96.3794913526801 2
-98.22445709878863 0
-98.25580712047986 0
-97.79531533436693 2
-98.20655221807817 2
-99.02955564278815 2
-99.31984659559967 2
-99.44472114085917 2
-99.58512536347129 2
-99.71604718447105 0
-99.88427029986039 0
-99.98350343228614 0
-99.97895023665902 2
-99.98565684606118 0
-99.9945575729667 0
-99.99298014079852 2
-92.00573825185363 2
-91.2786307832277 2
-96.06250542692239 1
-96.02273275446706 1
-95.91714708314626 2
-98.27643512391387 0
-98.30127549634898 3
-98.29350521072475 0
-97.58969240165794 2
-97.74599889394949 3
-97.88644530021713 3
-98.01065971371862 3
-98.11782322727362 3
-98.94220863168223 2
-99.03275436648343 3
-99.12170991365309 3
-99.21071865567419 3
-99.30179036518535 3
-99.36588093998893 3
-99.42997999134792 3
-99.48151165076479 3
-99.53285644326789 3
-99.71888671262634 0
-99.92121849632974 1
-99.91810471451936 1
-99.9140530292093 1
-99.9091595571918 1
-99.9034874796677 0
-99.91029982954345 3
-99.91661256310748 3
-99.92245635448052 3
-99.927858168055 3
-99.98366839796329 0
-99.97645682893173 2
-99.98666282099532 0
-99.99461199723703 0
-99.99243439524264 2
-91.92498813318548 2
-91.19053614467444 2
-95.38809728112011 2
-97.25737897941409 2
-98.78207716901156 2
-99.31984659559967 0
-99.92325584573275 0
-99.91442842779956 0
-99.93284103937229 0
-99.97398438659346 2
-99.98759297040407 0
-99.99184893024224 2
-91.71061844257977 1
-91.38298664691578 1
-90.9566687433361 2
-93.09890821210524 2
-93.95718045787368 3
-94.87053857773822 3
-95.30934432403143 3
-95.74037276869355 3
-96.06149838018518 3
-96.36557891724253 3
-96.65565218682758 3
-96.93511664733788 3
-97.0143768540857 3
-97.04423308554483 3
-98.67751427460375 1
-98.66415583293309 1
-98.62869278897543 2
-98.65669953870155 3
-98.6607773627484 2
-99.32664812964367 0
-99.63453466919603 2
-99.64398587968125 3
-99.64754602088443 3
-99.72880170655182 2
-99.92402328727543 0
-99.92851873423764 1
-99.92779670125014 1
-99.92587989926037 0
-99.92987990110645 3
-99.93319482819118 3
-99.93574685081644 3
-99.93742371911637 0
-99.96763486920005 2
-99.96967317025573 3
-99.97148369018251 3
-99.98845132294525 0
-99.98924119093208 3
-99.98996508549581 3
-99.99062459491199 3
-99.9912202151729 3
-90.2331628137217 2
-92.26994365128104 2
-95.00319033836078 0
-95.85052995778486 0
-96.79967202834581 2
-98.43594270566122 2
-98.63951830717514 2
-99.62008991698445 2
-99.72606232985032 2
-99.93317660804013 0
-99.94310388159082 0
-99.96537276740332 2
-99.97043687522894 2
-99.99109004480071 2
-89.83701231705561 1
-89.73435587581375 1
-89.46183083299444 2
-90.45282328721032 3
-91.44973377922526 3
-95.05315843497718 0
-95.892024658207 0
-94.64179872547274 2
-96.63007816704643 2
-96.79662166326189 3
-96.92826958766577 2
-97.23878591532542 3
-97.55632575721978 3
-97.88957761240198 3
-98.24951344017018 3
-98.42188533441234 3
-98.59713864475799 3
-98.63341770280385 3
-98.64708352577581 3
-99.6012942550186 2
-99.72880170655182 1
-99.72606232985032 1
-99.7187900267796 2
-99.72606232985032 3
-99.72880170655182 3
-99.94270979506463 1
-99.94213110612588 1
-99.94059484375501 0
-99.94361564897758 3
-99.94604210225138 3
-99.94779659120783 3
-99.94876917291123 0
-99.95557053270218 3
-99.96288601134012 3
-99.96599761692684 3
-99.96903744949978 3
-99.96983816452598 3
-99.97013978288072 3
-99.9911467373076 1
-99.99105731041172 1
-99.99081990622807 2
-87.72556226161404 2
-91.67085014498153 0
-94.5876754802755 2
-96.29287611272463 2
-96.71654933541754 2
-98.33203433200208 0
-98.70864440937379 0
-99.57859356657856 2
-99.69494599800191 2
-99.94408610737958 0
-99.96618827983681 0
-99.96983816452598 0
-99.99020742861109 2
-87.24011173550886 1
-86.73578640368422 1
-86.07955303124888 2
-91.75414164353171 0
-89.55614197159244 2
-89.82622805687771 3
-89.92796577630894 3
-94.44399292576196 2
-95.16998929387273 3
-95.94890043949573 3
-96.22736238994287 3
-96.4830215502524 3
-98.45257822048929 1
-98.43694769746392 1
-98.39545289299532 0
-98.81594257531552 0
-99.26429808989892 2
-99.5522809475992 2
-99.58465587644332 3
-99.61490213350291 3
-99.64322560893274 3
-99.66983478617374 3
-99.95323499505709 1
-99.95276262126978 1
-99.95150859682619 1
-99.94959200927548 1
-99.9470981256004 0
-99.98128957826151 1
-99.98110058410253 1
-99.98059885580722 2
-99.96946542460634 0
-99.97013978288072 0
-99.98600940903916 2
-99.9875191644774 2
-99.98952646535625 2
-87.57009211830035 0
-84.00134464054369 2
-89.25192249500621 1
-89.14335605556184 2
-93.65143052484834 2
-96.26968914802697 0
-98.92050660922894 0
-99.25686675747366 2
-99.49695925005483 2
-99.97983203965022 2
-99.97278542364799 0
-99.98586808993855 2
-99.98668879898636 3
-99.98739309543173 3
-99.9887769621855 2
-87.69439119711734 0
-82.00716944926046 2
-83.26678205962862 2
-88.47818411359101 2
-93.13963621339315 1
-93.07033960948803 1
-92.88637589792725 2
-96.57803110824139 0
-96.87808163219015 3
-97.1747333193102 3
-98.19015630368696 2
-98.23696023357434 3
-98.25459063123859 3
-99.02407604258056 0
-99.12875464389542 3
-99.23713858296364 3
-99.3362367576141 3
-99.44245746170687 3
-99.45687593437646 3
-99.46230717503269 3
-99.87718665728943 1
-99.87233254896725 1
-99.86601633268101 2
-99.86948125188039 3
-99.87078643936158 3
-99.92561016708247 2
-99.92753394455082 3
-99.92825860510531 3
-99.9788342504832 1
-99.97762915852897 1
-99.97623232311975 0
-99.97684697326028 3
-99.97707850352768 3
-99.98478970241153 2
-99.98778161341193 0
-99.98798220639586 3
-99.98795761592154 2
-80.04512472341275 2
-83.09775965619053 2
-87.72234892715926 2
-91.99497517179131 2
-97.47388972072429 0
-98.11862354385602 2
-99.50193713855204 0
-99.8803627034271 0
-99.85529705512442 2
-99.92266996287434 2
-99.97813268105483 0
-99.98362804103564 2
-99.98702056275982 2
-70.8279277995399 2
-74.34747728720448 3
-78.07333468093154 3
-80.33108293718848 3
-82.64905096166387 3
-84.70675926144328 3
-86.87845345189066 3
-87.96380717514486 3
-89.02017793622983 3
-90.06483710294827 3
-91.11863123831904 3
-91.34831016676603 3
-91.43482706509836 3
-97.78282251034767 0
-97.91312687461806 3
-98.02554437201738 3
-99.82201564597457 2
-99.79493934312728 1
-99.78813966932306 1
-99.77868538468292 2
-99.56345465915297 0
-99.5747440525781 3
-99.57899661205232 3
-99.88155907639282 0
-99.84386919910933 2
-99.92173346173612 1
-99.92094289064255 1
-99.91884413854746 2
-99.91976113165015 3
-99.9190808040652 2
-99.98067779901875 1
-99.98048262527146 1
-99.97996449184316 0
-99.98067471225741 3
-99.98110897070438 3
-99.98237691205014 2
-99.98651338733549 1
-99.98637715892474 1
-99.9860155093972 2
-67.41253749878845 2
-87.49702530968825 0
-97.98977609151277 0
-99.82021782421674 2
-99.79864712274048 0
-99.76688551331404 2
-99.61949013020427 0
-99.76513801258847 2
-99.83165171910267 2
-99.91158534064186 2
-99.91703805310388 2
-99.98048262527146 0
-99.98121568996683 2
-99.98102960471766 2
-99.9846373385275 2
-64.0196430929172 2
-64.95012239642442 3
-65.30062117246017 3
-88.40061536297534 1
-88.28344986159125 1
-87.97240719446415 0
-98.61200118615056 1
-98.59798099611169 1
-98.5607611894979 1
-98.50387631906364 1
-98.42985713341105 1
-98.31909263970275 1
-98.19759648625919 0
-98.24420800738542 3
-98.26176592731157 3
-99.81544509446294 1
-99.80815069563707 1
-99.7986591479409 1
-99.77578382484546 1
-99.75294981531275 1
-99.71539244841631 1
-99.679436741404 0
-99.70738940742754 3
-99.7349856380091 3
-99.76276566928128 3
-99.78944567976735 3
-99.80452334700561 3
-99.8185638033048 3
-99.90743955085789 1
-99.90650459682615 1
-99.90402254714226 2
-99.90935736728584 3
-99.91384307601989 3
-99.91607115938282 3
-99.916910447789 3
-99.98067779901875 0
-99.98095802298995 1
-99.98039748964135 1
-99.97957886207405 2
-99.98010696818048 3
-99.98030589849867 3
-99.98322760163646 2
-59.86851793949239 2
-99.40724194179923 2
-98.45065717618473 0
-98.2487578436636 0
-99.81318288778127 0
-99.75933872035816 0
-99.6877267502652 0
-99.80285198879227 0
-99.85406137043023 2
-99.89039210569803 2
-99.91103149725822 2
-99.97700745809908 2
-99.981766147516 2
-55.73510916730538 2
-99.40724194179923 1
-99.40125448666589 1
-99.37715346777063 2
-99.24402141548629 2
-98.91488214110548 1
-98.903921354652 1
-98.87482343579342 2
-98.44130183398968 1
-98.3646924254702 1
-98.27197880335683 2
-99.85661092510549 1
-99.8551625506116 1
-99.85131750868156 1
-99.83942226111785 1
-99.8267406997249 0
-99.76174533315458 0
-99.69084948276254 0
-99.82140524291282 1
-99.81960125546749 1
-99.81481215748363 0
-99.82824466571037 3
-99.84080683717292 3
-99.85258724285882 3
-99.86185693037233 3
-99.8700856939073 3
-99.87722692552094 2
-99.90709716600799 2
-99.91546908402029 3
-99.92380398906604 3
-99.93228074706397 3
-99.9411211560438 3
-99.96703169439573 2
-99.97068018263536 3
-99.97448131321411 3
-99.97616412739086 3
-99.97768586385135 3
-99.97904488549275 3
-99.98023553900268 3
-51.54028360929573 2
-99.34599558119555 2
-99.23638526816796 2
-98.83035164792643 2
-98.48161095008967 0
-98.17622240763657 2
-99.85832665234761 0
-99.80555264263683 2
-99.86960863393477 2
-99.89552144789968 2
-99.95060446524683 0
-99.95681713653462 3
-99.9634410891307 3
-99.97962699843538 2
-47.21816799864313 2
-48.58314618397041 3
-49.09731472213071 3
-99.30849166446966 1
-99.26510676409006 1
-99.21611336559931 2
-98.94850634154938 2
-98.77248449454632 2
-98.49679484058878 0
-98.06438172771553 2
-98.1144382834774 3
-98.13329390064263 3
-99.86371328590462 0
-99.8672377636394 3
-99.868565386003 3
-99.49806909929639 2
-99.81825549296953 1
-99.81641968986821 1
-99.81154612993623 1
-99.80409762736446 1
-99.79440555826973 2
-99.79264034882016 1
-99.78738782848666 2
-99.8058135970443 3
-99.82397513901981 3
-99.84222140388144 3
-99.86098078717207 3
-99.87268466988684 3
-99.88413160779268 3
-99.95696187205303 1
-99.9565271434879 1
-99.95537305691144 0
-99.96745148090052 0
-99.97030741827592 3
-99.97313150825048 3
-99.9748286016264 3
-99.97633781230981 3
-99.97765126537425 3
-99.97875494179925 3
-41.61997310616942 2
-99.14436927277447 2
-98.93788519348422 2
-98.70259473901763 2
-97.89407955165325 2
-99.49299909019837 2
-99.77481063846858 2
-99.76426011758821 2
-99.9590745018781 0
-99.96884682281758 0
-99.97429520515209 0
-35.96745502805125 2
-40.967638880494576 3
-45.75389364247063 3
-50.38611508875721 3
-54.934051628354545 3
-99.06995549752062 1
-98.99199079246942 1
-98.90968892254175 1
-98.7637193116896 1
-98.62158475059182 1
-98.39958027605465 1
-98.1885477863471 1
-97.94939553077361 1
-97.71606518265561 2
-98.02228721621815 1
-98.00231031941227 1
-97.94927706994875 2
-98.14495336985486 2
-99.47953958946158 2
-99.38510165454164 2
-99.76337796895425 1
-99.76098784742854 1
-99.75464272223951 2
-99.74967217275508 1
-99.74100797061044 2
-99.75864411782072 3
-99.77478176840256 3
-99.9948430547728 1
-99.99479096441698 1
-99.99465267863306 2
-99.99479096441698 3
-99.9948430547728 3
-99.96267984823754 0
-99.96624866883258 3
-99.96985295503309 3
-99.97251003292523 3
-99.9751405138265 3
-99.97719328328552 3
-99.97919028845563 3
-99.98017129339152 3
-99.98092521061153 3
-26.36094512124253 2
-59.481059399609975 0
-59.886248805613874 3
-98.96108802753963 0
-98.65723161381013 0
-98.2353933137122 0
-97.34988152316879 2
-97.86822373305893 2
-98.12621552510592 2
-99.45896876910597 2
-99.37889056014308 2
-99.73210297754386 2
-99.69865291590341 2
-99.7894501599308 0
-99.9943102165894 2
-99.99311197765637 2
-99.97205479784287 0
-99.97661661025069 0
-99.98017129339152 0
-99.9814184991242 0
-17.148657311746007 1
-8.089726832382846 1
0.0 -1
-63.774272927657435 0
-99.03617020180683 1
-99.02643454727962 1
-99.00058902180841 0
-98.67065929767202 0
-98.25303938057507 0
-97.0016060317644 2
-97.03934893301485 3
-97.01902233158057 2
-97.76275628723005 2
-98.07647162320585 2
-99.43220180349095 1
-99.39987367650001 1
-99.36240178704276 1
-99.30583032515094 1
-99.24679582924405 2
-99.7087413127386 1
-99.6842781198215 1
-99.65846439852426 2
-99.80265204721795 0
-99.81435787909233 3
-99.82449795596443 3
-99.99392552480876 2
-99.99276234077078 2
-99.99304240167311 3
-99.99311197765637 3
-99.97411866178979 0
-99.9760602118167 3
-99.97789584842236 3
-99.98092521061153 0
-99.9814184991242 3
-99.98160431413297 3
-68.20838627288396 0
-96.6363752178734 2
-96.94764441124418 2
-97.63537670184076 2
-98.00044555880837 2
-99.1846619272531 2
-99.60033808311607 2
-99.83295194343135 0
-99.99349921637867 2
-99.99240027699801 2
-99.98087835454041 0
-76.05631867335671 1
-75.81446330642092 1
-75.17240282358219 1
-74.19111004696359 1
-72.91424166952748 0
-74.8971471953733 3
-76.7572224608655 3
-78.50892438380413 3
-80.16748990766075 3
-81.74945135954971 3
-83.27329540926696 3
-96.58626700142645 1
-96.45134167985783 1
-96.27577544668934 2
-96.56134424551556 3
-96.8331863407255 3
-97.15645350642667 3
-97.48772961594081 3
-97.69719578097354 3
-97.9015196522868 3
-98.00436967021952 3
-98.08527995409509 3
-98.66808522400511 2
-99.11885102906314 2
-99.39501820398746 2
-99.46808102499494 3
-99.5454402085831 3
-99.57838286868565 3
-99.60918221125061 3
-99.83953491898703 0
-99.99303102860674 1
-99.99251997742891 1
-99.99196447049516 1
-99.99101806800601 1
-99.99007878126798 1
-99.98864891715468 1
-99.98727056033019 1
-99.98566844749585 1
-99.98409442216483 0
-99.98532416728705 3
-99.98649776524869 3
-99.99004101307956 2
-75.23584325699903 0
-84.76031233219337 0
-96.67454872445313 0
-95.59113310654584 2
-96.64595294531851 2
-98.14119117544459 0
-98.6546315393991 2
-99.04882303116968 2
-99.3241287554678 2
-99.63805328675929 0
-99.84397886821247 0
-99.9907119322456 0
-99.98759975328923 0
-99.98522202760299 0
-99.98762908229156 0
-99.98994041725209 2
-92.82407187463829 1
-92.54044851854323 1
-92.17139485471418 2
-77.5174829807886 0
-79.80149568429322 3
-82.13967721942495 3
-82.60155870504224 3
-82.77554311799182 3
-86.23569692895063 0
-96.7078032372086 0
-94.95000026638337 2
-96.43116332511534 2
-96.85035006966326 3
-97.29199021130856 3
-97.53816294117581 3
-97.78378063101752 3
-97.97702479402886 3
-98.16780300884359 3
-98.38709566094656 3
-98.61891565124853 3
-98.79094267024104 3
-98.974058581675 3
-99.10890519866044 3
-99.25371560255533 3
-99.45279153682786 2
-99.66521565147772 0
-99.84590820386991 0
-99.89968352478397 1
-99.89867022705451 1
-99.89598019607575 2
-99.99127729707112 0
-99.98772375575633 0
-99.98626849547529 0
-99.98873411697792 0
-99.98926520972414 3
-99.98967336258059 3
-93.00964681546913 0
-91.72566582130978 2
-84.19401344460371 0
-87.72998173753389 0
-94.33269140021525 2
-95.86555891329736 2
-97.54349222287104 0
-97.84340654035466 0
-98.68402229917683 0
-99.35125556738004 0
-99.40051484801097 3
-99.447264178614 3
-99.6908992970534 0
-99.84480743014188 2
-99.89186888874741 2
-99.99177250272366 0
-99.98723928495053 0
-99.98929708115287 0
-93.07955034731444 0
-91.20901637012781 1
-90.18199013804409 1
-89.16138355399842 1
-87.73901317162796 1
-86.35007676459443 0
-89.66253125790365 1
-89.55811238172086 1
-89.28090855156066 0
-90.33563697289458 3
-91.40781653551022 3
-92.52539215211925 3
-93.72353770714687 3
-94.50058272405295 3
-95.3268607014848 3
-97.79574310395854 0
-97.84992010687105 3
-97.86787426883417 0
-98.77912801523757 1
-98.76679597498745 1
-98.7340577487587 0
-99.58791485000881 2
-99.41020632629252 0
-99.48545862748752 0
-99.71535213203992 0
-99.84105661215398 2
-99.85451701906167 3
-99.86770301625998 3
-99.87740860167727 3
-99.88651921284784 3
-99.99219307400321 0
-99.99228908322404 3
-99.99223334327561 2
-99.9881393696167 0
-99.9889732412147 3
-99.98974490338584 3
-99.99022834595422 3
-99.99059987892397 3
-91.7657425135803 0
-89.67233423243994 0
-87.3762980759524 0
-89.70798769368598 0
-95.73252170205565 0
-98.00368320525563 0
-99.58375237374628 2
-99.46901833861749 0
-99.5205909814415 0
-99.73884952815791 0
-99.82413447156699 2
-99.8711243165435 0
-99.88949611658475 0
-99.99239496702731 0
-99.99204509953958 2
-99.99036352025547 0
-99.99084297318049 0
-92.5368662075754 1
-92.46148101775293 1
-92.26135375992304 0
-90.06500760333961 0
-88.34720825506338 0
-88.94805524255014 3
-89.43434421474328 3
-89.79153341228891 3
-89.9989517112485 0
-97.08453887942096 1
-96.91854434487914 1
-96.72613824443913 1
-96.43566198246084 1
-96.13253883299029 0
-98.21302151548863 0
-99.60293575100674 1
-99.59892500101691 1
-99.58827754626888 2
-99.58024789634513 1
-99.56596923688215 2
-99.573309046992 3
-99.57270212684547 1
-99.5531689012278 1
-99.52898090673672 0
-99.54428886249269 3
-99.55276937996534 0
-99.76170660440442 0
-99.78429413315925 3
-99.80705923021559 3
-99.87241307337807 0
-99.89065410816858 0
-99.99247101735703 0
-99.99174498642844 2
-99.99239482763674 2
-99.9909033004756 0
-99.99093454344869 0
-92.46148101775293 0
-90.32193403765672 0
-88.64855828265604 0
-90.25758640100688 0
-97.22197863890972 0
-96.81080279109608 0
-96.23255431038851 0
-98.4287676997238 0
-99.57591716099081 2
-99.53879501189658 2
-99.55495191657822 0
-99.58909615876831 0
-99.81384112939102 0
-99.81570271809711 3
-99.88961497797567 2
-99.99134783210937 2
-99.99231800771389 2
-99.99135884106957 0
-99.97600830066415 2
-92.5368662075754 0
-90.41871469728015 0
-88.76207269982947 0
-99.95620937977351 2
-90.3550105369968 0
-97.32760318533113 0
-96.84269476318512 0
-96.27022876728462 0
-98.6571885174865 0
-98.75911610940352 3
-98.8558405423841 3
-99.55801563659875 1
-99.53525168297033 1
-99.5080913073748 2
-99.60555252130646 1
-99.59378919729323 1
-99.57670440597099 0
-99.62427212430342 0
-99.65883112425158 3
-99.69341179027691 3
-99.81475409747745 2
-99.86139483113368 2
-99.87407104510494 3
-99.88673750741336 3
-99.99095543952802 2
-99.99099608896523 1
-99.99086398651146 2
-99.99211407162849 2
-99.99197925597346 1
-99.99172164749857 0
-99.99407592173436 2
-99.97576596026681 2
-99.95576705027628 2
-97.39671339269313 0
-98.81460950809102 0
-98.94837670216361 0
-99.45227131060435 2
-99.61107587739686 0
-99.72879515852287 0
-99.81209894276171 2
-99.84847783386488 2
-99.89693510132335 0
-99.99075607326725 2
-99.99017131806139 2
-99.9918630917004 2
-99.99401608255997 2
-99.97512261215968 2
-99.97576596026681 3
-99.97600830066415 3
-99.95986023851265 1
-99.95945478637641 1
-99.95837842078794 1
-99.95673335804821 1
-99.95459278528408 2
-99.95576705027628 3
-99.95620937977351 3
-97.4227462587662 0
-99.2695724379123 1
-99.20157961186754 1
-99.13128574982113 1
-99.05781824193596 1
-98.98040484920229 0
-99.03787099177437 0
-99.12565629056405 3
-99.2133233121053 3
-99.30281360694315 3
-99.39654110774816 3
-99.60909658708303 2
-99.7931043155111 1
-99.79101446011222 1
-99.78546646015064 1
-99.77698717754022 1
-99.76595384672746 0
-99.78634677236306 3
-99.80647565167219 3
-99.82117489500399 3
-99.83512660531647 3
-99.90708536147426 0
-99.99042318633154 1
-99.98997494158124 1
-99.98942408093762 2
-99.990458362535 3
-99.99150830631751 3
-99.99226753036582 3
-99.99302190252735 3
-99.99346382000303 3
-99.99385722576181 3
-99.97352937313434 2
-99.9500736872751 2
-99.95304560845234 2
-99.33627910044987 0
-99.08972210822648 0
-99.44546242474476 0
-99.60029804169463 2
-99.77769412853775 0
-99.91740560898697 0
-99.98748065686888 2
-99.99335086182356 0
-99.99401608255997 0
-99.97173966835115 2
-99.97247050194952 3
-99.97274579693001 3
-99.95037038973243 2
-99.94655150673532 2
-99.94649129768162 1
-99.94545932310567 2
-99.94966543047175 2
-99.95257132166904 3
-99.95437463128582 3
-99.40291112908332 0
-99.41835229989152 3
-99.42416877689261 3
-99.20289936663488 0
-99.26036943444333 3
-99.31400837106764 3
-99.36416883055725 3
-99.41120375423324 3
-99.49280761296495 0
-99.53928916429052 3
-99.58575851634367 3
-99.6192306023614 3
-99.65159391742371 3
-99.79463469041967 1
-99.7925602933532 1
-99.78705333107666 0
-99.93901567878815 1
-99.9383996755436 1
-99.93676435379885 1
-99.93271451142923 1
-99.92816527421826 0
-99.93002297467925 3
-99.93072274493245 3
-99.9856606589737 2
-99.99383139507809 1
-99.99376908593746 1
-99.99360367204807 0
-99.99407592173436 0
-99.96913561982639 2
-99.94986908053781 2
-99.94561916183315 2
-99.93984727922607 2
-99.94636346495537 2
-99.95555453790578 0
-99.45620866073196 0
-99.27679896582511 1
-99.26949390487385 0
-99.45547435689073 0
-99.68332851725685 0
-99.78685538400616 2
-99.9383996755436 0
-99.93407517169942 0
-99.98390822100754 2
-99.96643819573177 2
-99.96730612943072 3
-99.96763306813642 3
-99.9485382404261 1
-99.9465042516924 1
-99.9438576043757 1
-99.93913371353187 1
-99.93415087379705 2
-99.93860766361176 3
-99.94267679647422 3
-99.95599899252673 0
-99.50914377316741 0
-99.65582726904101 2
-99.32638539675554 0
-99.38079902480749 3
-99.4334055584155 3
-99.49736007342474 0
-99.79178506405094 2
-99.72515338686618 1
-99.72237715845068 1
-99.71500702406206 0
-99.74027917565152 3
-99.76533748832712 3
-99.77545427376717 3
-99.78277892564097 3
-99.97065192101094 2
-99.93901567878815 0
-99.93981858560625 0
-99.98281334536844 1
-99.98263974279641 1
-99.98217887499499 2
-99.99324206889378 2
-99.99363923507497 3
-99.99398188229472 3
-99.99426558652391 3
-99.99448361754084 3
-99.96291665707679 2
-99.92162548746137 2
-99.56282414679879 0
-99.6523507768091 2
-99.48498426354168 0
-99.53727112479854 0
-99.78968188287973 2
-99.78073069178542 0
-99.97035547576863 2
-99.9454874402153 0
-99.9800861862253 2
-99.99279300214485 2
-99.99462627537275 0
-99.95935434504736 1
-99.95507260221488 1
-99.95074424517225 2
-99.92408646173303 1
-99.9220069844298 1
-99.9188732152943 1
-99.91481929059839 1
-99.90993805910887 2
-99.841706599562 2
-99.79675883461773 2
-99.61862034188356 0
-99.63334946307032 3
-99.64312163168289 1
-99.62075850029413 1
-99.59549644330471 1
-99.56739858847322 1
-99.53646450501557 0
-99.55856348779974 3
-99.57566456749443 0
-99.78409850660245 2
-99.81528164806844 2
-99.81777729230964 1
-99.80699186409109 1
-99.79462273712974 0
-99.96680063670594 2
-99.96836571074314 3
-99.96956849395457 3
-99.95149077272244 2
-99.9518134085678 1
-99.95119241381076 0
-99.97374025640369 2
-99.97590424931502 3
-99.9780082597154 3
-99.99229322397184 2
-99.99166528197428 2
-99.99468001261903 0
-99.96013248289044 0
-99.94629825690637 2
-99.92492403751066 0
-99.89523727279072 2
-99.84010767632526 2
-99.79470589355327 2
-99.66544508154666 0
-99.65994548049433 0
-99.62966951581714 0
-99.77556515661988 2
-99.81341580612974 2
-99.82686918588561 0
-99.96491039957735 2
-99.95033590304035 2
-99.956534697444 0
-99.97148744413929 2
-99.99174277597118 2
-99.99158109290332 2
-99.96018864649193 2
-99.94167437223533 1
-99.93277688283831 1
-99.924262534449 1
-99.9142001257052 1
-99.90439149055678 1
-99.89276627650077 1
-99.88128533968361 1
-99.85774000504944 1
-99.83586296826519 1
-99.81212678509323 1
-99.78925589114982 1
-99.75102120609631 1
-99.7151656686668 0
-99.67287486429404 0
-99.68133456827135 3
-99.68452122258864 3
-99.7336351617184 1
-99.71110354754339 1
-99.68736287051946 0
-99.72483666912116 3
-99.7644614727796 3
-99.7864193162228 3
-99.80846250122178 3
-99.82179728213828 3
-99.83409528669588 3
-99.96404667417879 1
-99.9636835092715 1
-99.96271940482066 1
-99.95941165124384 1
-99.95595988318868 1
-99.95232689175307 1
-99.94847890503675 2
-99.96208850308426 0
-99.9656004116751 3
-99.96912058753249 3
-99.9914561695392 1
-99.99136986822143 1
-99.99114076160095 2
-99.99132595269663 3
-99.99135759372595 2
-99.99098954927459 2
-99.95950344419511 2
-99.94694998090964 0
-99.92622116271878 0
-99.9068639990843 0
-99.88453289541764 0
-99.80670185822595 0
-99.73601386587112 0
-99.75519479254999 0
-99.69544790367354 0
-99.7780616528133 0
-99.81341580612974 0
-99.8521327096333 0
-99.94289912874522 2
-99.96470518730283 0
-99.97040758787807 0
-99.99016181552099 2
-99.99099545753225 2
-99.99103272843163 1
-99.9908985346208 2
-99.95819908573544 1
-99.95535448575097 1
-99.95220714978115 0
-99.92695895109159 0
-99.90779535909346 0
-99.8859102760043 0
-99.82996296812587 1
-99.82824542234937 1
-99.82368580357998 0
-99.75556938110448 0
-99.76709225315912 3
-99.77594775566268 3
-99.78402347391672 1
-99.78184189284516 1
-99.7760503860703 0
-99.69849342463681 0
-99.7897023139951 0
-99.81528164806844 0
-99.87085931768212 0
-99.88217783973258 3
-99.89336687150319 3
-99.90180193835837 3
-99.9099072431535 3
-99.91779144268767 3
-99.92558237663434 3
-99.93154014852851 3
-99.93728517272976 3
-99.96711110521537 0
-99.9693134247564 3
-99.97131633662542 3
-99.9739298546199 3
-99.97653896594244 3
-99.98918017672686 2
-99.98986232956065 3
-99.9904685147764 3
-99.99049979328802 2
-99.95928008906432 0
-99.95446018543065 0
-99.8850328046002 2
-99.83583494035267 0
-99.76189054219282 0
-99.7817419165377 0
-99.7905259462811 0
-99.79920930199383 0
-99.88016143524165 0
-99.89626017264868 0
-99.92750687278473 0
-99.97920125724333 0
-99.98765910514551 2
-99.98999907459037 2
-99.95968728817368 0
-99.95619167760898 0
-99.95732459403368 3
-99.95775134809334 3
-99.88639725715646 1
-99.8852497547035 1
-99.88220344653865 1
-99.87482203642796 1
-99.86648374838381 1
-99.8572094236091 1
-99.84699892323988 0
-99.76427163677089 0
-99.78392449737233 0
-99.81051154098209 1
-99.80859751614352 1
-99.80351629868872 0
-99.80913993827204 3
-99.81172909907076 3
-99.81066757055362 1
-99.80632186761727 0
-99.89279822075856 1
-99.8917153745036 1
-99.8888407110297 0
-99.89379567827088 3
-99.89746781395108 3
-99.9001193740039 3
-99.90111818026386 3
-99.92823180405688 0
-99.98582081058461 1
-99.9856775864491 1
-99.98529736516741 1
-99.98471625418611 1
-99.98396010652715 1
-99.98304686003168 1
-99.98198830592071 0
-99.98403936236684 3
-99.98618794566335 3
-99.9871165115753 3
-99.9879622338083 3
-99.98872568632 3
-99.98940572393124 3
iterations 2941
